Matrix A (random filled matrix):
0.7707183790511138	0.2721665209869044	0.1406579235041765	0.47396901103640043	
0.8799728336810397	0.9424192380938504	0.8580391970486891	0.6228998613023208	
0.5942992408464763	0.9842605491012618	0.27519284360294227	0.85008436203514	
0.5223251015542282	0.11790000116304633	0.13022148591293214	0.7733607954653758	

Matrix B (manually filled matrix):
1.0	2.0	1.0	2.0	
2.0	1.0	2.0	1.0	
1.0	2.0	1.0	2.0	
2.0	1.0	2.0	1.0	

Matrix C = A + B:
1.7707183790511138	2.2721665209869046	1.1406579235041765	2.4739690110364005	
2.8799728336810397	1.9424192380938505	2.858039197048689	1.622899861302321	
1.5942992408464765	2.9842605491012617	1.2751928436029423	2.85008436203514	
2.522325101554228	1.1179000011630462	2.1302214859129323	1.7733607954653758	

Matrix D = C * 2:
3.5414367581022277	4.544333041973809	2.281315847008353	4.947938022072801	
5.7599456673620795	3.884838476187701	5.716078394097378	3.245799722604642	
3.188598481692953	5.968521098202523	2.5503856872058845	5.70016872407028	
5.044650203108456	2.2358000023260924	4.2604429718258645	3.5467215909307517	

